{
    "camera_angle_x": 0.5235987755982988,
    "frames": [
        {
            "file_path": "/home/yuxuankuang/CG40166_Style4VisRF_Project/backend/StyleRF/log_style/vortex/vortex/imgs_test_all/r_0000/000",
            "rotation": 0.0,
            "transform_matrix": [
                [
                    1.0,
                    1.4223234757082537e-05,
                    1.248071246351401e-08,
                    9.99999993922529e-09
                ],
                [
                    1.4223234757082537e-05,
                    -1.0,
                    -0.0001745253975968808,
                    -0.0007035495946183801
                ],
                [
                    9.99999993922529e-09,
                    0.00017454539192840457,
                    -1.0,
                    -4.031099796295166
                ],
                [
                    9.99999993922529e-09,
                    9.99999993922529e-09,
                    9.99999993922529e-09,
                    1.0
                ]
            ]
        },
        {
            "file_path": "/home/yuxuankuang/CG40166_Style4VisRF_Project/backend/StyleRF/log_style/vortex/vortex/imgs_test_all/r_0000/001",
            "rotation": 0.0,
            "transform_matrix": [
                [
                    0.9993907809257507,
                    0.03489432856440544,
                    0.0006090926472097635,
                    0.0024552729446440935
                ],
                [
                    0.03489964082837105,
                    -0.9992386698722839,
                    -0.0174417681992054,
                    -0.07030952721834183
                ],
                [
                    9.99999993922529e-09,
                    0.017452416941523552,
                    -0.9998477697372437,
                    -4.030486106872559
                ],
                [
                    9.99999993922529e-09,
                    9.99999993922529e-09,
                    9.99999993922529e-09,
                    1.0
                ]
            ]
        },
        {
            "file_path": "/home/yuxuankuang/CG40166_Style4VisRF_Project/backend/StyleRF/log_style/vortex/vortex/imgs_test_all/r_0000/002",
            "rotation": 0.0,
            "transform_matrix": [
                [
                    0.9975641369819641,
                    0.06971403956413269,
                    0.002434478374198079,
                    0.009813584387302399
                ],
                [
                    0.06975653767585754,
                    -0.9969563484191895,
                    -0.03481448069214821,
                    -0.1403406411409378
                ],
                [
                    9.99999993922529e-09,
                    0.0348995178937912,
                    -0.9993908405303955,
                    -4.02864408493042
                ],
                [
                    9.99999993922529e-09,
                    9.99999993922529e-09,
                    9.99999993922529e-09,
                    1.0
                ]
            ]
        },
        {
            "file_path": "/home/yuxuankuang/CG40166_Style4VisRF_Project/backend/StyleRF/log_style/vortex/vortex/imgs_test_all/r_0000/003",
            "rotation": 0.0,
            "transform_matrix": [
                [
                    0.9945219159126282,
                    0.10438525676727295,
                    0.005470609292387962,
                    0.02205253206193447
                ],
                [
                    0.10452850908041,
                    -0.9931589365005493,
                    -0.052049245685338974,
                    -0.20981572568416595
                ],
                [
                    9.99999993922529e-09,
                    0.05233597010374069,
                    -0.9986295104026794,
                    -4.025575160980225
                ],
                [
                    9.99999993922529e-09,
                    9.99999993922529e-09,
                    9.99999993922529e-09,
                    1.0
                ]
            ]
        },
        {
            "file_path": "/home/yuxuankuang/CG40166_Style4VisRF_Project/backend/StyleRF/log_style/vortex/vortex/imgs_test_all/r_0000/004",
            "rotation": 0.0,
            "transform_matrix": [
                [
                    0.9902680516242981,
                    0.1388341337442398,
                    0.009708237834274769,
                    0.039134833961725235
                ],
                [
                    0.13917315006256104,
                    -0.987855851650238,
                    -0.06907760351896286,
                    -0.27845874428749084
                ],
                [
                    9.99999993922529e-09,
                    0.06975648552179337,
                    -0.9975640773773193,
                    -4.021280288696289
                ],
                [
                    9.99999993922529e-09,
                    9.99999993922529e-09,
                    9.99999993922529e-09,
                    1.0
                ]
            ]
        },
        {
            "file_path": "/home/yuxuankuang/CG40166_Style4VisRF_Project/backend/StyleRF/log_style/vortex/vortex/imgs_test_all/r_0000/005",
            "rotation": 0.0,
            "transform_matrix": [
                [
                    0.9848077297210693,
                    0.1729874461889267,
                    0.015134449116885662,
                    0.06100843474268913
                ],
                [
                    0.17364822328090668,
                    -0.981060266494751,
                    -0.0858316421508789,
                    -0.3459959328174591
                ],
                [
                    9.99999993922529e-09,
                    0.08715574443340302,
                    -0.9961947202682495,
                    -4.01576042175293
                ],
                [
                    9.99999993922529e-09,
                    9.99999993922529e-09,
                    9.99999993922529e-09,
                    1.0
                ]
            ]
        },
        {
            "file_path": "/home/yuxuankuang/CG40166_Style4VisRF_Project/backend/StyleRF/log_style/vortex/vortex/imgs_test_all/r_0000/006",
            "rotation": 0.0,
            "transform_matrix": [
                [
                    0.978147566318512,
                    0.2067727893590927,
                    0.021732700988650322,
                    0.08760664612054825
                ],
                [
                    0.20791172981262207,
                    -0.9727892279624939,
                    -0.10224425792694092,
                    -0.4121568500995636
                ],
                [
                    9.99999993922529e-09,
                    0.10452847182750702,
                    -0.9945219159126282,
                    -4.009016990661621
                ],
                [
                    9.99999993922529e-09,
                    9.99999993922529e-09,
                    9.99999993922529e-09,
                    1.0
                ]
            ]
        },
        {
            "file_path": "/home/yuxuankuang/CG40166_Style4VisRF_Project/backend/StyleRF/log_style/vortex/vortex/imgs_test_all/r_0000/007",
            "rotation": 0.0,
            "transform_matrix": [
                [
                    0.9702957272529602,
                    0.24011869728565216,
                    0.029482876881957054,
                    0.11884836852550507
                ],
                [
                    0.24192193150520325,
                    -0.9630633592605591,
                    -0.1182493045926094,
                    -0.47667473554611206
                ],
                [
                    9.99999993922529e-09,
                    0.12186936289072037,
                    -0.9925462007522583,
                    -4.001052379608154
                ],
                [
                    9.99999993922529e-09,
                    9.99999993922529e-09,
                    9.99999993922529e-09,
                    1.0
                ]
            ]
        },
        {
            "file_path": "/home/yuxuankuang/CG40166_Style4VisRF_Project/backend/StyleRF/log_style/vortex/vortex/imgs_test_all/r_0000/008",
            "rotation": 0.0,
            "transform_matrix": [
                [
                    0.9612616896629333,
                    0.27295491099357605,
                    0.0383613258600235,
                    0.15463827550411224
                ],
                [
                    0.2756373882293701,
                    -0.9519068002700806,
                    -0.1337817758321762,
                    -0.5392876863479614
                ],
                [
                    9.99999993922529e-09,
                    0.13917313516139984,
                    -0.9902681112289429,
                    -3.9918694496154785
                ],
                [
                    9.99999993922529e-09,
                    9.99999993922529e-09,
                    9.99999993922529e-09,
                    1.0
                ]
            ]
        },
        {
            "file_path": "/home/yuxuankuang/CG40166_Style4VisRF_Project/backend/StyleRF/log_style/vortex/vortex/imgs_test_all/r_0000/009",
            "rotation": 0.0,
            "transform_matrix": [
                [
                    0.9510565400123596,
                    0.30521252751350403,
                    0.048340924084186554,
                    0.19486704468727112
                ],
                [
                    0.30901703238487244,
                    -0.939347505569458,
                    -0.1487780064344406,
                    -0.5997390747070312
                ],
                [
                    9.99999993922529e-09,
                    0.15643449127674103,
                    -0.9876883625984192,
                    -3.9814703464508057
                ],
                [
                    9.99999993922529e-09,
                    9.99999993922529e-09,
                    9.99999993922529e-09,
                    1.0
                ]
            ]
        },
        {
            "file_path": "/home/yuxuankuang/CG40166_Style4VisRF_Project/backend/StyleRF/log_style/vortex/vortex/imgs_test_all/r_0000/010",
            "rotation": 0.0,
            "transform_matrix": [
                [
                    0.9396926164627075,
                    0.33682411909103394,
                    0.059391189366579056,
                    0.23941177129745483
                ],
                [
                    0.3420201539993286,
                    -0.9254165887832642,
                    -0.16317589581012726,
                    -0.6577783823013306
                ],
                [
                    9.99999993922529e-09,
                    0.17364820837974548,
                    -0.9848077297210693,
                    -3.969858169555664
                ],
                [
                    9.99999993922529e-09,
                    9.99999993922529e-09,
                    9.99999993922529e-09,
                    1.0
                ]
            ]
        },
        {
            "file_path": "/home/yuxuankuang/CG40166_Style4VisRF_Project/backend/StyleRF/log_style/vortex/vortex/imgs_test_all/r_0000/011",
            "rotation": 0.0,
            "transform_matrix": [
                [
                    0.9271838665008545,
                    0.3677240014076233,
                    0.07147831469774246,
                    0.28813618421554565
                ],
                [
                    0.37460654973983765,
                    -0.9101489186286926,
                    -0.1769150197505951,
                    -0.7131621241569519
                ],
                [
                    9.99999993922529e-09,
                    0.19080904126167297,
                    -0.9816271662712097,
                    -3.9570369720458984
                ],
                [
                    9.99999993922529e-09,
                    9.99999993922529e-09,
                    9.99999993922529e-09,
                    1.0
                ]
            ]
        },
        {
            "file_path": "/home/yuxuankuang/CG40166_Style4VisRF_Project/backend/StyleRF/log_style/vortex/vortex/imgs_test_all/r_0000/012",
            "rotation": 0.0,
            "transform_matrix": [
                [
                    0.9135454297065735,
                    0.3978484869003296,
                    0.08456531167030334,
                    0.34089118242263794
                ],
                [
                    0.4067366421222687,
                    -0.893582284450531,
                    -0.1899367719888687,
                    -0.7656541466712952
                ],
                [
                    9.99999993922529e-09,
                    0.20791170001029968,
                    -0.9781476259231567,
                    -3.9430108070373535
                ],
                [
                    9.99999993922529e-09,
                    9.99999993922529e-09,
                    9.99999993922529e-09,
                    1.0
                ]
            ]
        },
        {
            "file_path": "/home/yuxuankuang/CG40166_Style4VisRF_Project/backend/StyleRF/log_style/vortex/vortex/imgs_test_all/r_0000/013",
            "rotation": 0.0,
            "transform_matrix": [
                [
                    0.8987939953804016,
                    0.42713576555252075,
                    0.09861206263303757,
                    0.39751502871513367
                ],
                [
                    0.4383711516857147,
                    -0.8757579922676086,
                    -0.20218464732170105,
                    -0.8150265216827393
                ],
                [
                    9.99999993922529e-09,
                    0.22495107352733612,
                    -0.9743700623512268,
                    -3.9277830123901367
                ],
                [
                    9.99999993922529e-09,
                    9.99999993922529e-09,
                    9.99999993922529e-09,
                    1.0
                ]
            ]
        },
        {
            "file_path": "/home/yuxuankuang/CG40166_Style4VisRF_Project/backend/StyleRF/log_style/vortex/vortex/imgs_test_all/r_0000/014",
            "rotation": 0.0,
            "transform_matrix": [
                [
                    0.882947564125061,
                    0.4555262625217438,
                    0.11357545852661133,
                    0.4578339755535126
                ],
                [
                    0.4694715440273285,
                    -0.8567203283309937,
                    -0.21360434591770172,
                    -0.8610605001449585
                ],
                [
                    9.99999993922529e-09,
                    0.24192191660404205,
                    -0.9702957272529602,
                    -3.9113588333129883
                ],
                [
                    9.99999993922529e-09,
                    9.99999993922529e-09,
                    9.99999993922529e-09,
                    1.0
                ]
            ]
        },
        {
            "file_path": "/home/yuxuankuang/CG40166_Style4VisRF_Project/backend/StyleRF/log_style/vortex/vortex/imgs_test_all/r_0000/015",
            "rotation": 0.0,
            "transform_matrix": [
                [
                    0.8660253286361694,
                    0.482962965965271,
                    0.1294095516204834,
                    0.521662712097168
                ],
                [
                    0.5,
                    -0.8365163207054138,
                    -0.2241438627243042,
                    -0.9035462737083435
                ],
                [
                    9.99999993922529e-09,
                    0.2588190734386444,
                    -0.9659258723258972,
                    -3.8937432765960693
                ],
                [
                    9.99999993922529e-09,
                    9.99999993922529e-09,
                    9.99999993922529e-09,
                    1.0
                ]
            ]
        },
        {
            "file_path": "/home/yuxuankuang/CG40166_Style4VisRF_Project/backend/StyleRF/log_style/vortex/vortex/imgs_test_all/r_0000/016",
            "rotation": 0.0,
            "transform_matrix": [
                [
                    0.8480480909347534,
                    0.5093910694122314,
                    0.14606556296348572,
                    0.5888047814369202
                ],
                [
                    0.5299192667007446,
                    -0.81519615650177,
                    -0.2337537258863449,
                    -0.9422846436500549
                ],
                [
                    9.99999993922529e-09,
                    0.27563735842704773,
                    -0.9612616896629333,
                    -3.874941825866699
                ],
                [
                    9.99999993922529e-09,
                    9.99999993922529e-09,
                    9.99999993922529e-09,
                    1.0
                ]
            ]
        },
        {
            "file_path": "/home/yuxuankuang/CG40166_Style4VisRF_Project/backend/StyleRF/log_style/vortex/vortex/imgs_test_all/r_0000/017",
            "rotation": 0.0,
            "transform_matrix": [
                [
                    0.829037606716156,
                    0.5347588658332825,
                    0.16349220275878906,
                    0.6590533256530762
                ],
                [
                    0.559192955493927,
                    -0.7928125858306885,
                    -0.24238711595535278,
                    -0.9770867228507996
                ],
                [
                    9.99999993922529e-09,
                    0.2923717200756073,
                    -0.9563047289848328,
                    -3.854959726333618
                ],
                [
                    9.99999993922529e-09,
                    9.99999993922529e-09,
                    9.99999993922529e-09,
                    1.0
                ]
            ]
        },
        {
            "file_path": "/home/yuxuankuang/CG40166_Style4VisRF_Project/backend/StyleRF/log_style/vortex/vortex/imgs_test_all/r_0000/018",
            "rotation": 0.0,
            "transform_matrix": [
                [
                    0.80901700258255,
                    0.55901700258255,
                    0.18163564801216125,
                    0.7321913838386536
                ],
                [
                    0.5877852439880371,
                    -0.7694209218025208,
                    -0.2499999850988388,
                    -1.0077749490737915
                ],
                [
                    9.99999993922529e-09,
                    0.30901700258255005,
                    -0.9510565400123596,
                    -3.83380389213562
                ],
                [
                    9.99999993922529e-09,
                    9.99999993922529e-09,
                    9.99999993922529e-09,
                    1.0
                ]
            ]
        },
        {
            "file_path": "/home/yuxuankuang/CG40166_Style4VisRF_Project/backend/StyleRF/log_style/vortex/vortex/imgs_test_all/r_0000/019",
            "rotation": 0.0,
            "transform_matrix": [
                [
                    0.7880107760429382,
                    0.582119345664978,
                    0.20043978095054626,
                    0.807992696762085
                ],
                [
                    0.6156615018844604,
                    -0.7450788021087646,
                    -0.25655120611190796,
                    -1.0341835021972656
                ],
                [
                    9.99999993922529e-09,
                    0.32556816935539246,
                    -0.9455185532569885,
                    -3.8114795684814453
                ],
                [
                    9.99999993922529e-09,
                    9.99999993922529e-09,
                    9.99999993922529e-09,
                    1.0
                ]
            ]
        },
        {
            "file_path": "/home/yuxuankuang/CG40166_Style4VisRF_Project/backend/StyleRF/log_style/vortex/vortex/imgs_test_all/r_0000/020",
            "rotation": 0.0,
            "transform_matrix": [
                [
                    0.7660444378852844,
                    0.6040228009223938,
                    0.21984632313251495,
                    0.8862224221229553
                ],
                [
                    0.6427876353263855,
                    -0.7198463082313538,
                    -0.2620026171207428,
                    -1.0561586618423462
                ],
                [
                    9.99999993922529e-09,
                    0.3420201539993286,
                    -0.9396926164627075,
                    -3.787994623184204
                ],
                [
                    9.99999993922529e-09,
                    9.99999993922529e-09,
                    9.99999993922529e-09,
                    1.0
                ]
            ]
        },
        {
            "file_path": "/home/yuxuankuang/CG40166_Style4VisRF_Project/backend/StyleRF/log_style/vortex/vortex/imgs_test_all/r_0000/021",
            "rotation": 0.0,
            "transform_matrix": [
                [
                    0.7431448101997375,
                    0.6246872544288635,
                    0.2397949993610382,
                    0.9666374325752258
                ],
                [
                    0.6691306233406067,
                    -0.6937854886054993,
                    -0.26631930470466614,
                    -1.0735595226287842
                ],
                [
                    9.99999993922529e-09,
                    0.3583679795265198,
                    -0.9335804581642151,
                    -3.7633557319641113
                ],
                [
                    9.99999993922529e-09,
                    9.99999993922529e-09,
                    9.99999993922529e-09,
                    1.0
                ]
            ]
        },
        {
            "file_path": "/home/yuxuankuang/CG40166_Style4VisRF_Project/backend/StyleRF/log_style/vortex/vortex/imgs_test_all/r_0000/022",
            "rotation": 0.0,
            "transform_matrix": [
                [
                    0.7193398475646973,
                    0.6440760493278503,
                    0.2602235972881317,
                    1.0489872694015503
                ],
                [
                    0.6946583986282349,
                    -0.6669602990150452,
                    -0.2694694399833679,
                    -1.0862581729888916
                ],
                [
                    9.99999993922529e-09,
                    0.3746066093444824,
                    -0.9271838665008545,
                    -3.7375707626342773
                ],
                [
                    9.99999993922529e-09,
                    9.99999993922529e-09,
                    9.99999993922529e-09,
                    1.0
                ]
            ]
        },
        {
            "file_path": "/home/yuxuankuang/CG40166_Style4VisRF_Project/backend/StyleRF/log_style/vortex/vortex/imgs_test_all/r_0000/023",
            "rotation": 0.0,
            "transform_matrix": [
                [
                    0.6946583986282349,
                    0.6621557474136353,
                    0.28106844425201416,
                    1.1330149173736572
                ],
                [
                    0.7193397879600525,
                    -0.6394364237785339,
                    -0.27142465114593506,
                    -1.094139814376831
                ],
                [
                    9.99999993922529e-09,
                    0.3907311260700226,
                    -0.9205048680305481,
                    -3.710646867752075
                ],
                [
                    9.99999993922529e-09,
                    9.99999993922529e-09,
                    9.99999993922529e-09,
                    1.0
                ]
            ]
        },
        {
            "file_path": "/home/yuxuankuang/CG40166_Style4VisRF_Project/backend/StyleRF/log_style/vortex/vortex/imgs_test_all/r_0000/024",
            "rotation": 0.0,
            "transform_matrix": [
                [
                    0.6691306233406067,
                    0.6788966059684753,
                    0.3022642433643341,
                    1.2184573411941528
                ],
                [
                    0.7431448698043823,
                    -0.6112812161445618,
                    -0.2721599340438843,
                    -1.0971038341522217
                ],
                [
                    9.99999993922529e-09,
                    0.40673667192459106,
                    -0.9135454297065735,
                    -3.6825928688049316
                ],
                [
                    9.99999993922529e-09,
                    9.99999993922529e-09,
                    9.99999993922529e-09,
                    1.0
                ]
            ]
        },
        {
            "file_path": "/home/yuxuankuang/CG40166_Style4VisRF_Project/backend/StyleRF/log_style/vortex/vortex/imgs_test_all/r_0000/025",
            "rotation": 0.0,
            "transform_matrix": [
                [
                    0.6427876353263855,
                    0.6942720413208008,
                    0.32374435663223267,
                    1.3050458431243896
                ],
                [
                    0.7660444378852844,
                    -0.5825634598731995,
                    -0.27165377140045166,
                    -1.0950634479522705
                ],
                [
                    9.99999993922529e-09,
                    0.42261824011802673,
                    -0.9063078165054321,
                    -3.6534173488616943
                ],
                [
                    9.99999993922529e-09,
                    9.99999993922529e-09,
                    9.99999993922529e-09,
                    1.0
                ]
            ]
        },
        {
            "file_path": "/home/yuxuankuang/CG40166_Style4VisRF_Project/backend/StyleRF/log_style/vortex/vortex/imgs_test_all/r_0000/026",
            "rotation": 0.0,
            "transform_matrix": [
                [
                    0.6156614422798157,
                    0.7082594037055969,
                    0.34544119238853455,
                    1.3925079107284546
                ],
                [
                    0.7880107760429382,
                    -0.5533528327941895,
                    -0.2698882222175598,
                    -1.0879464149475098
                ],
                [
                    9.99999993922529e-09,
                    0.4383711516857147,
                    -0.8987940549850464,
                    -3.6231284141540527
                ],
                [
                    9.99999993922529e-09,
                    9.99999993922529e-09,
                    9.99999993922529e-09,
                    1.0
                ]
            ]
        },
        {
            "file_path": "/home/yuxuankuang/CG40166_Style4VisRF_Project/backend/StyleRF/log_style/vortex/vortex/imgs_test_all/r_0000/027",
            "rotation": 0.0,
            "transform_matrix": [
                [
                    0.5877852439880371,
                    0.7208394408226013,
                    0.3672860264778137,
                    1.4805666208267212
                ],
                [
                    0.8090169429779053,
                    -0.5237205624580383,
                    -0.26684892177581787,
                    -1.0756946802139282
                ],
                [
                    9.99999993922529e-09,
                    0.45399051904678345,
                    -0.8910065293312073,
                    -3.591736316680908
                ],
                [
                    9.99999993922529e-09,
                    9.99999993922529e-09,
                    9.99999993922529e-09,
                    1.0
                ]
            ]
        },
        {
            "file_path": "/home/yuxuankuang/CG40166_Style4VisRF_Project/backend/StyleRF/log_style/vortex/vortex/imgs_test_all/r_0000/028",
            "rotation": 0.0,
            "transform_matrix": [
                [
                    0.5591928958892822,
                    0.7319967746734619,
                    0.3892096281051636,
                    1.568942666053772
                ],
                [
                    0.829037606716156,
                    -0.4937380254268646,
                    -0.26252520084381104,
                    -1.058265209197998
                ],
                [
                    9.99999993922529e-09,
                    0.46947163343429565,
                    -0.8829476237297058,
                    -3.5592496395111084
                ],
                [
                    9.99999993922529e-09,
                    9.99999993922529e-09,
                    9.99999993922529e-09,
                    1.0
                ]
            ]
        },
        {
            "file_path": "/home/yuxuankuang/CG40166_Style4VisRF_Project/backend/StyleRF/log_style/vortex/vortex/imgs_test_all/r_0000/029",
            "rotation": 0.0,
            "transform_matrix": [
                [
                    0.5299193263053894,
                    0.7417196035385132,
                    0.41114187240600586,
                    1.6573538780212402
                ],
                [
                    0.8480480909347534,
                    -0.46347787976264954,
                    -0.25690996646881104,
                    -1.0356297492980957
                ],
                [
                    9.99999993922529e-09,
                    0.48480963706970215,
                    -0.874619722366333,
                    -3.525679349899292
                ],
                [
                    9.99999993922529e-09,
                    9.99999993922529e-09,
                    9.99999993922529e-09,
                    1.0
                ]
            ]
        },
        {
            "file_path": "/home/yuxuankuang/CG40166_Style4VisRF_Project/backend/StyleRF/log_style/vortex/vortex/imgs_test_all/r_0000/030",
            "rotation": 0.0,
            "transform_matrix": [
                [
                    0.5,
                    0.75,
                    0.4330126941204071,
                    1.745517373085022
                ],
                [
                    0.8660253882408142,
                    -0.4330126941204071,
                    -0.2499999850988388,
                    -1.0077749490737915
                ],
                [
                    9.99999993922529e-09,
                    0.5,
                    -0.8660253882408142,
                    -3.491034746170044
                ],
                [
                    9.99999993922529e-09,
                    9.99999993922529e-09,
                    9.99999993922529e-09,
                    1.0
                ]
            ]
        },
        {
            "file_path": "/home/yuxuankuang/CG40166_Style4VisRF_Project/backend/StyleRF/log_style/vortex/vortex/imgs_test_all/r_0000/031",
            "rotation": 0.0,
            "transform_matrix": [
                [
                    0.4694715738296509,
                    0.7568338513374329,
                    0.4547516405582428,
                    1.8331491947174072
                ],
                [
                    0.8829476237297058,
                    -0.4024156928062439,
                    -0.24179571866989136,
                    -0.9747027158737183
                ],
                [
                    9.99999993922529e-09,
                    0.5150381326675415,
                    -0.8571673035621643,
                    -3.455327033996582
                ],
                [
                    9.99999993922529e-09,
                    9.99999993922529e-09,
                    9.99999993922529e-09,
                    1.0
                ]
            ]
        },
        {
            "file_path": "/home/yuxuankuang/CG40166_Style4VisRF_Project/backend/StyleRF/log_style/vortex/vortex/imgs_test_all/r_0000/032",
            "rotation": 0.0,
            "transform_matrix": [
                [
                    0.43837112188339233,
                    0.7622206211090088,
                    0.4762882888317108,
                    1.9199656248092651
                ],
                [
                    0.8987940549850464,
                    -0.371759831905365,
                    -0.23230129480361938,
                    -0.9364297389984131
                ],
                [
                    9.99999993922529e-09,
                    0.5299193263053894,
                    -0.8480480909347534,
                    -3.4185664653778076
                ],
                [
                    9.99999993922529e-09,
                    9.99999993922529e-09,
                    9.99999993922529e-09,
                    1.0
                ]
            ]
        },
        {
            "file_path": "/home/yuxuankuang/CG40166_Style4VisRF_Project/backend/StyleRF/log_style/vortex/vortex/imgs_test_all/r_0000/033",
            "rotation": 0.0,
            "transform_matrix": [
                [
                    0.4067366421222687,
                    0.76616370677948,
                    0.4975525438785553,
                    2.0056838989257812
                ],
                [
                    0.9135454893112183,
                    -0.3411180377006531,
                    -0.22152464091777802,
                    -0.8929879665374756
                ],
                [
                    9.99999993922529e-09,
                    0.5446390509605408,
                    -0.838670551776886,
                    -3.3807647228240967
                ],
                [
                    9.99999993922529e-09,
                    9.99999993922529e-09,
                    9.99999993922529e-09,
                    1.0
                ]
            ]
        },
        {
            "file_path": "/home/yuxuankuang/CG40166_Style4VisRF_Project/backend/StyleRF/log_style/vortex/vortex/imgs_test_all/r_0000/034",
            "rotation": 0.0,
            "transform_matrix": [
                [
                    0.3746066093444824,
                    0.7686702609062195,
                    0.5184746384620667,
                    2.0900230407714844
                ],
                [
                    0.9271838665008545,
                    -0.31056293845176697,
                    -0.20947733521461487,
                    -0.8444241285324097
                ],
                [
                    9.99999993922529e-09,
                    0.5591928958892822,
                    -0.8290375471115112,
                    -3.341933012008667
                ],
                [
                    9.99999993922529e-09,
                    9.99999993922529e-09,
                    9.99999993922529e-09,
                    1.0
                ]
            ]
        },
        {
            "file_path": "/home/yuxuankuang/CG40166_Style4VisRF_Project/backend/StyleRF/log_style/vortex/vortex/imgs_test_all/r_0000/035",
            "rotation": 0.0,
            "transform_matrix": [
                [
                    0.3420201241970062,
                    0.7697511911392212,
                    0.538985550403595,
                    2.1727044582366943
                ],
                [
                    0.9396926164627075,
                    -0.28016650676727295,
                    -0.19617468118667603,
                    -0.7907997965812683
                ],
                [
                    9.99999993922529e-09,
                    0.5735765099525452,
                    -0.8191520571708679,
                    -3.302083730697632
                ],
                [
                    9.99999993922529e-09,
                    9.99999993922529e-09,
                    9.99999993922529e-09,
                    1.0
                ]
            ]
        },
        {
            "file_path": "/home/yuxuankuang/CG40166_Style4VisRF_Project/backend/StyleRF/log_style/vortex/vortex/imgs_test_all/r_0000/036",
            "rotation": 0.0,
            "transform_matrix": [
                [
                    0.30901700258255005,
                    0.7694209218025208,
                    0.55901700258255,
                    2.253453254699707
                ],
                [
                    0.9510565400123596,
                    -0.2499999850988388,
                    -0.18163561820983887,
                    -0.7321913838386536
                ],
                [
                    9.99999993922529e-09,
                    0.5877853035926819,
                    -0.80901700258255,
                    -3.261228322982788
                ],
                [
                    9.99999993922529e-09,
                    9.99999993922529e-09,
                    9.99999993922529e-09,
                    1.0
                ]
            ]
        },
        {
            "file_path": "/home/yuxuankuang/CG40166_Style4VisRF_Project/backend/StyleRF/log_style/vortex/vortex/imgs_test_all/r_0000/037",
            "rotation": 0.0,
            "transform_matrix": [
                [
                    0.2756373882293701,
                    0.7676977515220642,
                    0.5785017609596252,
                    2.331998109817505
                ],
                [
                    0.9612616896629333,
                    -0.22013379633426666,
                    -0.16588270664215088,
                    -0.6686897277832031
                ],
                [
                    9.99999993922529e-09,
                    0.6018151044845581,
                    -0.7986355423927307,
                    -3.219379425048828
                ],
                [
                    9.99999993922529e-09,
                    9.99999993922529e-09,
                    9.99999993922529e-09,
                    1.0
                ]
            ]
        },
        {
            "file_path": "/home/yuxuankuang/CG40166_Style4VisRF_Project/backend/StyleRF/log_style/vortex/vortex/imgs_test_all/r_0000/038",
            "rotation": 0.0,
            "transform_matrix": [
                [
                    0.24192190170288086,
                    0.7646034955978394,
                    0.5973737239837646,
                    2.4080731868743896
                ],
                [
                    0.9702957272529602,
                    -0.1906370371580124,
                    -0.1489419788122177,
                    -0.6004000306129456
                ],
                [
                    9.99999993922529e-09,
                    0.6156615018844604,
                    -0.7880107760429382,
                    -3.1765501499176025
                ],
                [
                    9.99999993922529e-09,
                    9.99999993922529e-09,
                    9.99999993922529e-09,
                    1.0
                ]
            ]
        },
        {
            "file_path": "/home/yuxuankuang/CG40166_Style4VisRF_Project/backend/StyleRF/log_style/vortex/vortex/imgs_test_all/r_0000/039",
            "rotation": 0.0,
            "transform_matrix": [
                [
